0 0.587673611111111 0.5086631944444445 0.14739583333333323 0.2608333333333334
0 0.06796875 0.49321180555555555 0.10302083333333334 0.24579861111111115
0 0.49918402777777776 0.4317708333333334 0.15121527777777785 0.3467708333333334
0 0.2820138888888889 0.4800173611111111 0.13718749999999993 0.3121180555555556
0 0.11557291666666666 0.4404166666666667 0.18017361111111113 0.29590277777777774
0 0.2275347222222222 0.5888541666666667 0.09499999999999993 0.1706944444444444
0 0.18609375 0.55203125 0.10680555555555556 0.15534722222222222
0 0.4765277777777778 0.5717534722222222 0.12065972222222214 0.22121527777777777
0 0.5492881944444445 0.5757118055555555 0.08434027777777793 0.176701388888889
0 0.21364583333333337 0.48708333333333337 0.11500000000000003 0.19923611111111103
0 0.09649305555555555 0.5203819444444445 0.06079861111111111 0.13871527777777787
0 0.17651041666666667 0.6173784722222223 0.05906250000000002 0.09965277777777785
0 0.47717013888888893 0.6740104166666667 0.08361111111111122 0.12517361111111108