0 0.08829861111111112 0.5934895833333333 0.17659722222222224 0.6963541666666666
0 0.32421875 0.3239236111111111 0.16350694444444436 0.34236111111111106
0 0.12215277777777778 0.24279513888888887 0.12430555555555553 0.26812500000000006
0 0.5356423611111112 0.2472916666666667 0.12989583333333332 0.2182986111111111
0 0.5902604166666666 0.2852604166666667 0.12743055555555555 0.2681944444444445
0 0.47210069444444447 0.5508680555555555 0.35444444444444445 0.5994791666666668
0 0.37289930555555556 0.1787673611111111 0.09548611111111108 0.18163194444444444
0 0.3685069444444445 0.47114583333333326 0.23562500000000003 0.5250347222222222
0 0.06369791666666666 0.20317708333333334 0.09322916666666665 0.16597222222222224
0 0.6002777777777778 0.5701388888888889 0.259375 0.6379513888888889
0 0.16395833333333334 0.5929513888888889 0.3279166666666667 0.7540972222222221