0 0.6500578703703704 0.15059606481481483 0.694675925925926 0.2523726851851852
0 0.5499189814814816 0.6749652777777777 0.45638888888888884 0.22229166666666664
0 0.39681712962962956 0.8890451388888889 0.1560416666666667 0.10070601851851854
0 0.4108796296296296 0.5722916666666666 0.23619212962962965 0.11751157407407398
0 0.36909143518518517 0.6127719907407407 0.15332175925925923 0.06162037037037038
0 0.3909259259259259 0.32091435185185185 0.22295138888888885 0.09232638888888892
0 0.4805266203703704 0.25862268518518516 0.42534722222222215 0.1234375
0 0.5785706018518518 0.0395775462962963 0.6633912037037037 0.0791550925925926
0 0.6521469907407408 0.8529976851851853 0.6957060185185184 0.2856249999999999
0 0.4181481481481482 0.7120891203703704 0.2267129629629629 0.06114583333333332
0 0.38527199074074076 0.10371527777777778 0.2580208333333333 0.11627314814814813
0 0.5079687500000001 0.8154918981481482 0.4032060185185184 0.16684027777777785
0 0.5543402777777777 0.08557870370370371 0.5882175925925927 0.1383449074074074