0 0.9143229166666667 0.45703125 0.1220949074074074 0.240625
0 0.5627893518518519 0.56640625 0.10643518518518533 0.2359375
0 0.4884085648148148 0.54453125 0.0998495370370371 0.190625
0 0.8332465277777779 0.48046875 0.11077546296296319 0.1890625
0 0.7166319444444444 0.45234375 0.080949074074074 0.1703125
0 0.7387962962962963 0.3859375 0.0537962962962963 0.090625
0 0.8518344907407407 0.45859375 0.08739583333333342 0.196875
0 0.7616608796296296 0.51953125 0.09995370370370367 0.2046875
0 0.7989988425925926 0.3921875 0.05226851851851855 0.0953125
0 0.7765856481481481 0.425 0.06645833333333329 0.1125
0 0.49173032407407413 0.465625 0.07913194444444435 0.1359375
0 0.5526041666666667 0.45703125 0.08371527777777779 0.121875
0 0.5458912037037036 0.39453125 0.07108796296296305 0.1046875