0 0.7654687499999999 0.68078125 0.3330208333333335 0.6384375
0 0.62015625 0.6642187500000001 0.3330208333333333 0.6715625
0 0.18895833333333334 0.4496875 0.25531249999999994 0.5396875
0 0.8997395833333333 0.48765625 0.17406250000000015 0.4642708333333333
0 0.30302083333333335 0.29250000000000004 0.13812499999999997 0.34520833333333334
0 0.45671875 0.5177604166666667 0.18895833333333326 0.5477083333333332
0 0.5567708333333334 0.370625 0.13677083333333329 0.3482291666666667
0 0.40234375 0.26223958333333336 0.1404166666666667 0.28625
0 0.3431770833333333 0.50234375 0.2319791666666667 0.4930208333333333
0 0.6221354166666667 0.23765624999999999 0.10114583333333335 0.21052083333333335
0 0.8425 0.34572916666666664 0.14093749999999972 0.2473958333333334
0 0.9548958333333335 0.5548958333333334 0.047083333333333144 0.33291666666666675