0 0.7937037037037038 0.5709027777777778 0.22501157407407407 0.45872685185185186
0 0.27855902777777775 0.602181712962963 0.21125 0.5156481481481482
0 0.6657638888888889 0.5611342592592592 0.20687499999999998 0.38924768518518515
0 0.6764988425925926 0.28741319444444446 0.0887731481481481 0.18373842592592596
0 0.8921932870370372 0.4561111111111112 0.18635416666666665 0.3321064814814815
0 0.24391782407407409 0.3668576388888889 0.13494212962962965 0.2531134259259259
0 0.8200694444444444 0.3904629629629629 0.10660879629629641 0.19556712962962966
0 0.6085821759259259 0.3755787037037037 0.13226851851851862 0.23428240740740733
0 0.3532175925925926 0.43991898148148145 0.14365740740740743 0.4264699074074073
0 0.14265625 0.5152025462962964 0.21819444444444444 0.4225462962962963
0 0.7608275462962963 0.29256944444444444 0.07728009259259264 0.1737962962962963
0 0.721087962962963 0.3680902777777778 0.12178240740740734 0.21504629629629637
0 0.3948090277777778 0.22735532407407408 0.10108796296296294 0.1812615740740741