0 0.5156770833333333 0.1962789351851852 0.4309374999999999 0.1624884259259259
0 0.6952604166666667 0.5746701388888888 0.6094791666666666 0.20628472222222224
0 0.6110416666666667 0.9467245370370371 0.4596874999999999 0.10179398148148167
0 0.708125 0.716875 0.58375 0.1872685185185185
0 0.31369791666666663 0.3673900462962963 0.24083333333333332 0.09861111111111107
0 0.34682291666666665 0.27803819444444444 0.29604166666666665 0.08340277777777771
0 0.5447395833333333 0.33910300925925924 0.41656250000000006 0.15769675925925924
0 0.47088541666666667 0.8375520833333333 0.4026041666666666 0.08887731481481467
0 0.39447916666666666 0.535625 0.24770833333333336 0.10803240740740741
0 0.5147395833333334 0.42843171296296295 0.43187499999999995 0.10627314814814817
0 0.3026041666666667 0.5761689814814815 0.26395833333333335 0.0706712962962964
0 0.9295833333333334 0.9175578703703703 0.14083333333333314 0.14518518518518492
0 0.4796354166666667 0.7929340277777778 0.4631250000000001 0.15335648148148168