0 0.8138020833333334 0.47491319444444446 0.28848379629629617 0.16708333333333325
0 0.8382089120370371 0.5818749999999999 0.323582175925926 0.1781944444444445
0 0.759548611111111 0.7883506944444444 0.34623842592592596 0.14652777777777767
0 0.7866319444444445 0.9215625 0.4030092592592592 0.13374999999999987
0 0.7869502314814815 0.8730381944444444 0.3483217592592592 0.21677083333333336
0 0.5916377314814815 0.8351215277777777 0.10162037037037042 0.06621527777777772
0 0.6284143518518519 0.7928298611111111 0.1478587962962962 0.07972222222222225
0 0.6495081018518519 0.9613888888888888 0.2053819444444443 0.056041666666666504
0 0.7278645833333334 0.49795138888888885 0.1796875 0.08822916666666672
0 0.7067708333333333 0.5618055555555556 0.21371527777777768 0.126423611111111
0 0.6631944444444444 0.8820486111111112 0.17152777777777786 0.08336805555555529
0 0.6350405092592593 0.5336631944444445 0.1403935185185185 0.084236111111111
0 0.6805555555555556 0.9473958333333332 0.21203703703703702 0.08270833333333343