0 0.49296875 0.07789351851851853 0.5015625 0.15578703703703706
0 0.47265625 0.5383101851851853 0.45 0.22697916666666665
0 0.603125 0.6574710648148148 0.2828125 0.16668981481481476
0 0.5765625 0.7563020833333333 0.2984375 0.17629629629629626
0 0.43828125 0.39194444444444443 0.5171875 0.2498495370370371
0 0.6625 0.5620601851851852 0.21875 0.13761574074074084
0 0.75 0.10373263888888888 0.20625 0.1577430555555556
0 0.65859375 0.19102430555555555 0.4078125 0.19822916666666668
0 0.68046875 0.46804398148148146 0.2234375 0.14393518518518533
0 0.7296875 0.6509085648148147 0.1734375 0.10881944444444436
0 0.75 0.584201388888889 0.171875 0.1087962962962962
0 0.790625 0.332037037037037 0.253125 0.13656249999999998