0 0.434375 0.76953125 0.11015625 0.259375
0 0.53203125 0.8296875 0.1015625 0.340625
0 0.75546875 0.75859375 0.071875 0.328125
0 0.92734375 0.81328125 0.140625 0.37265625
0 0.834375 0.796875 0.14765625 0.309375
0 0.83359375 0.60078125 0.04765625 0.0890625
0 0.784375 0.63046875 0.04921875 0.13515625
0 0.9703125 0.6796875 0.05859375 0.19296875
0 0.4734375 0.68828125 0.05 0.1671875
0 0.540625 0.6765625 0.084375 0.18984375
0 0.86640625 0.6765625 0.046875 0.16015625
0 0.52578125 0.60234375 0.05703125 0.125
0 0.93984375 0.70625 0.0625 0.19609375