0 0.6788483796296296 0.6236747685185184 0.6086226851851851 0.3260300925925925
0 0.2536747685185185 0.5798553240740741 0.2887731481481482 0.08079861111111128
0 0.44803240740740746 0.898912037037037 0.42013888888888895 0.20217592592592587
0 0.2388310185185185 0.24195023148148148 0.246412037037037 0.11765046296296297
0 0.5102719907407407 0.38432870370370376 0.472974537037037 0.20533564814814814
0 0.36134259259259255 0.45872685185185186 0.290162037037037 0.1182986111111111
0 0.18460648148148148 0.6296412037037037 0.13784722222222223 0.053576388888888896
0 0.32497106481481486 0.7442824074074074 0.32222222222222224 0.1406365740740741
0 0.2971643518518518 0.6508506944444445 0.2359953703703704 0.08938657407407398
0 0.5091145833333333 0.6688425925925926 0.28703703703703703 0.11825231481481477
0 0.9187789351851852 0.9176388888888889 0.1015625 0.16472222222222221
0 0.2890914351851852 0.7843981481481481 0.18813657407407405 0.10429398148148153
0 0.22326388888888887 0.8100000000000002 0.20445601851851852 0.081111111111111
0 0.3046006944444445 0.914386574074074 0.2307291666666666 0.11585648148148167