0 0.5766840277777778 0.4808969907407407 0.14951388888888886 0.26363425925925926
0 0.05904513888888889 0.4759085648148148 0.10232638888888887 0.24818287037037035
0 0.4921527777777778 0.4060069444444444 0.154548611111111 0.34966435185185196
0 0.2720659722222222 0.4578703703703704 0.14124999999999996 0.31335648148148143
0 0.10786458333333333 0.4213020833333333 0.1815277777777778 0.29893518518518525
0 0.21197916666666666 0.5683159722222222 0.09597222222222221 0.17304398148148153
0 0.1720833333333333 0.5319733796296295 0.10815972222222223 0.15935185185185183
0 0.46244791666666674 0.5468229166666667 0.1220833333333335 0.22378472222222215
0 0.5344270833333333 0.549380787037037 0.08513888888888879 0.17740740740740754
0 0.2034548611111111 0.4661574074074074 0.11690972222222226 0.20177083333333332
0 0.08463541666666666 0.5017303240740741 0.06246527777777777 0.14082175925925924
0 0.15868055555555555 0.5972569444444444 0.06003472222222221 0.10171296296296291
0 0.4568923611111112 0.6486168981481482 0.08402777777777785 0.12740740740740755