0 0.4572337962962963 0.62890625 0.19729166666666664 0.5203125
0 0.29905092592592586 0.68125 0.22368055555555558 0.6375
0 0.12366898148148149 0.296875 0.10797453703703704 0.2140625
0 0.1270949074074074 0.471875 0.18314814814814814 0.3078125
0 0.3552314814814815 0.38125 0.1365972222222222 0.3140625
0 0.6826215277777777 0.33515625 0.10434027777777785 0.234375
0 0.8852372685185186 0.52578125 0.20295138888888892 0.5390625
0 0.6208275462962962 0.396875 0.16252314814814817 0.3921875
0 0.24504050925925927 0.4421875 0.12999999999999998 0.3375
0 0.20976851851851852 0.29375 0.10466435185185183 0.240625
0 0.4678819444444445 0.2578125 0.10078703703703695 0.25625
0 0.042748842592592595 0.5140625 0.08549768518518519 0.46875
0 0.7520601851851852 0.5328125 0.15162037037037024 0.453125