0 0.3953125 0.33359375 0.09921875 0.2390625
0 0.4453125 0.60703125 0.18125 0.53984375
0 0.30703125 0.41640625 0.13046875 0.290625
0 0.55859375 0.5421875 0.175 0.41015625
0 0.62734375 0.36015625 0.12734375 0.3453125
0 0.2578125 0.2203125 0.08515625 0.1734375
0 0.8078125 0.46328125 0.17890625 0.46171875
0 0.77265625 0.21796875 0.0453125 0.0921875
0 0.5609375 0.26640625 0.059375 0.26953125
0 0.66484375 0.28984375 0.07421875 0.17734375
0 0.72578125 0.32890625 0.0671875 0.24921875
0 0.8 0.325 0.05390625 0.19765625
0 0.59921875 0.1703125 0.04296875 0.06796875