0 0.22430555555555554 0.4946006944444445 0.2894212962962963 0.182951388888889
0 0.327662037037037 0.9202604166666667 0.4039351851851851 0.15059027777777773
0 0.2125636574074074 0.5999479166666667 0.36313657407407407 0.19559027777777765
0 0.33291666666666664 0.7807812499999999 0.3376273148148149 0.1772916666666667
0 0.44671874999999994 0.9517361111111111 0.24082175925925925 0.06999999999999992
0 0.3246990740740741 0.5034375 0.17920138888888887 0.09690972222222224
0 0.45582754629629624 0.7839236111111111 0.17616898148148152 0.09989583333333343
0 0.5127777777777778 0.8314583333333333 0.10837962962962955 0.07659722222222207
0 0.3594791666666667 0.5683854166666666 0.19579861111111113 0.1304166666666667
0 0.44371527777777775 0.8767708333333335 0.15875000000000003 0.09131944444444429
0 0.3196585648148148 0.8877604166666666 0.3386921296296296 0.21322916666666672
0 0.4405150462962963 0.5311458333333333 0.11476851851851855 0.08156250000000007