0 0.52578125 0.73359375 0.0984375 0.35390625
0 0.43359375 0.66796875 0.10546875 0.2578125
0 0.7609375 0.65 0.1 0.2859375
0 0.7671875 0.50859375 0.05859375 0.10703125
0 0.9703125 0.5390625 0.059375 0.1078125
0 0.9234375 0.71484375 0.1375 0.4
0 0.84453125 0.57890625 0.0515625 0.159375
0 0.81875 0.6890625 0.13125 0.29921875
0 0.53828125 0.5703125 0.08515625 0.17734375
0 0.8328125 0.49453125 0.0484375 0.09375
0 0.465625 0.58359375 0.0484375 0.17734375
0 0.93046875 0.54453125 0.03515625 0.08515625
0 0.52421875 0.48671875 0.05625 0.11484375