0 0.3254890046296296 0.42640625 0.6509780092592592 0.3385416666666668
0 0.578738425925926 0.6914409722222222 0.38859953703703703 0.21232638888888894
0 0.5744502314814814 0.33453125 0.36327546296296287 0.20027777777777772
0 0.6404166666666666 0.4579340277777778 0.2934606481481481 0.16128472222222215
0 0.7927199074074075 0.33406250000000004 0.2129398148148148 0.1296180555555555
0 0.3617361111111111 0.5699305555555555 0.5246412037037037 0.2745486111111111
0 0.41236111111111107 0.8526041666666666 0.5089814814814815 0.2947916666666668
0 0.5810358796296297 0.7987152777777777 0.2880324074074075 0.13607638888888882
0 0.24163194444444444 0.9409722222222221 0.4832638888888889 0.11805555555555572
0 0.6831828703703704 0.8627083333333335 0.13797453703703705 0.07479166666666685
0 0.6263831018518518 0.7467534722222222 0.23646990740740748 0.1337847222222223
0 0.7883912037037037 0.6913715277777778 0.07156249999999993 0.0453125
0 0.4886631944444444 0.8966840277777777 0.42021990740740733 0.20663194444444458
0 0.692170138888889 0.63859375 0.29377314814814814 0.11916666666666664