0 0.5370543981481481 0.4209548611111112 0.3129513888888889 0.5713541666666668
0 0.8615104166666667 0.5808680555555555 0.19555555555555557 0.3412847222222222
0 0.47416666666666674 0.66140625 0.16814814814814802 0.3884722222222223
0 0.34427083333333336 0.24366319444444445 0.4697916666666667 0.4873263888888889
0 0.6529976851851852 0.29743055555555553 0.3716203703703703 0.5948611111111111
0 0.33436342592592594 0.6175868055555556 0.25259259259259254 0.3969097222222221
0 0.24104745370370367 0.7038194444444444 0.17776620370370377 0.2998958333333334
0 0.4373900462962963 0.7646701388888889 0.09997685185185183 0.21368055555555543
0 0.10844907407407407 0.5658680555555555 0.20638888888888887 0.44013888888888886
0 0.22513310185185187 0.7905208333333332 0.08372685185185187 0.17079861111111114
0 0.12428819444444446 0.7379340277777777 0.1465046296296296 0.1923263888888888