0 0.89453125 0.53828125 0.0734375 0.22265625
0 0.475 0.55625 0.06875 0.175
0 0.5421875 0.59609375 0.06796875 0.23046875
0 0.80859375 0.55234375 0.0765625 0.16953125
0 0.83671875 0.50234375 0.05 0.13671875
0 0.70703125 0.50546875 0.05390625 0.171875
0 0.7390625 0.575 0.0671875 0.1890625
0 0.80390625 0.44453125 0.03125 0.07109375
0 0.77265625 0.484375 0.04296875 0.10234375
0 0.74140625 0.44140625 0.0453125 0.08515625
0 0.49140625 0.48515625 0.05859375 0.1234375
0 0.54765625 0.48203125 0.05546875 0.1
0 0.55234375 0.42109375 0.05390625 0.096875