0 0.8 0.50234375 0.159375 0.4203125
0 0.4203125 0.67734375 0.20078125 0.63828125
0 0.04921875 0.54765625 0.09765625 0.45390625
0 0.278125 0.675 0.1828125 0.6015625
0 0.63046875 0.2890625 0.09765625 0.234375
0 0.71953125 0.328125 0.08046875 0.28984375
0 0.65703125 0.521875 0.1546875 0.40703125
0 0.159375 0.41484375 0.0859375 0.396875
0 0.46171875 0.35859375 0.10625 0.240625
0 0.56796875 0.4859375 0.10234375 0.42578125
0 0.421875 0.2640625 0.06796875 0.25859375
0 0.07578125 0.89921875 0.14296875 0.19375
0 0.20390625 0.4265625 0.15078125 0.45234375