0 0.746875 0.13927662037037036 0.50625 0.2785532407407407
0 0.6207638888888889 0.8765335648148149 0.4614814814814814 0.20359953703703723
0 0.762019675925926 0.31051504629629634 0.47596064814814804 0.2770486111111111
0 0.6599942129629629 0.8006423611111112 0.6564583333333334 0.36177083333333326
0 0.6380844907407408 0.6422858796296296 0.5195717592592594 0.21640046296296306
0 0.5278993055555555 0.8327314814814816 0.30076388888888894 0.1488425925925924
0 0.6134490740740741 0.2070428240740741 0.2898726851851851 0.14975694444444443
0 0.4284027777777778 0.9348900462962962 0.1584722222222222 0.08425925925925917
0 0.5654050925925926 0.32884837962962965 0.2805902777777778 0.1523263888888889
0 0.45074652777777774 0.6588657407407407 0.15851851851851856 0.08582175925925917
0 0.45458333333333334 0.3393287037037037 0.1490509259259259 0.0821412037037037