0 0.4797337962962963 0.08244791666666666 0.2327430555555555 0.11333333333333333
0 0.544050925925926 0.4923263888888888 0.18554398148148152 0.10031250000000007
0 0.5758912037037037 0.4183506944444444 0.242025462962963 0.11062499999999993
0 0.5030381944444444 0.16489583333333332 0.181087962962963 0.10791666666666666
0 0.45053819444444443 0.14616319444444445 0.14578703703703705 0.07513888888888891
0 0.46783564814814815 0.2733506944444445 0.18039351851851854 0.08447916666666674
0 0.533125 0.2290972222222222 0.19960648148148152 0.10093750000000004
0 0.39699074074074076 0.18911458333333334 0.07620370370370377 0.04395833333333332
0 0.44000000000000006 0.2121701388888889 0.10952546296296291 0.06260416666666666
0 0.4006307870370371 0.2505902777777778 0.09229166666666658 0.060277777777777784
0 0.47157986111111116 0.48930555555555555 0.13351851851851854 0.08239583333333336
0 0.46228587962962964 0.4343229166666666 0.10833333333333339 0.07503472222222225
0 0.4012326388888889 0.4409375000000001 0.1050694444444444 0.07020833333333343