0 0.5140625 0.71484375 0.06953125 0.23046875
0 0.78203125 0.66640625 0.0671875 0.16015625
0 0.4453125 0.67265625 0.06640625 0.16171875
0 0.66953125 0.6359375 0.06328125 0.16171875
0 0.7046875 0.69453125 0.07109375 0.18125
0 0.85 0.6234375 0.05703125 0.1296875
0 0.734375 0.61796875 0.04296875 0.09765625
0 0.70390625 0.5859375 0.03671875 0.06640625
0 0.8125 0.65625 0.0484375 0.1640625
0 0.46328125 0.62578125 0.0359375 0.10859375
0 0.7546875 0.58359375 0.040625 0.10546875
0 0.51328125 0.615625 0.0640625 0.1234375
0 0.51171875 0.5578125 0.05 0.078125