0 0.509375 0.7053530092592593 0.1875 0.5147569444444444
0 0.3875 0.6137731481481481 0.203125 0.4231481481481481
0 0.78359375 0.5834780092592593 0.1578125 0.41990740740740745
0 0.8984375 0.39250578703703703 0.0609375 0.14600694444444445
0 0.8921875 0.6552372685185185 0.1984375 0.426099537037037
0 0.54765625 0.4570601851851852 0.125 0.24525462962962957
0 0.4546875 0.4878472222222222 0.103125 0.2647569444444445
0 0.89921875 0.4760706018518518 0.0984375 0.1864583333333334
0 0.953125 0.664699074074074 0.0921875 0.4487268518518519
0 0.978125 0.4918981481481481 0.04375 0.14537037037037023
0 0.8390625 0.38845486111111105 0.0859375 0.1344328703703704
0 0.85546875 0.4964409722222222 0.0703125 0.16979166666666662
0 0.54609375 0.34618055555555555 0.084375 0.1484375