0 0.5562789351851851 0.43927662037037035 0.4715046296296297 0.21371527777777785
0 0.1991724537037037 0.8343287037037037 0.1938310185185185 0.12232638888888907
0 0.49506944444444445 0.8300636574074074 0.4377083333333333 0.2507407407407406
0 0.19087962962962962 0.9199016203703703 0.19667824074074072 0.10376157407407405
0 0.34054398148148146 0.4067881944444444 0.23604166666666665 0.12638888888888894
0 0.2890219907407407 0.8813020833333333 0.2191319444444444 0.14412037037037032
0 0.5745138888888889 0.31486689814814817 0.5405555555555555 0.2381018518518518
0 0.3804282407407408 0.7705092592592593 0.4289699074074075 0.18777777777777782
0 0.2426099537037037 0.5367013888888889 0.2609490740740741 0.12162037037037035
0 0.4110763888888888 0.49315393518518513 0.4175000000000001 0.1511921296296297
0 0.45251736111111107 0.9098611111111111 0.4034143518518519 0.1487962962962964