0 0.5365914351851852 0.20294560185185184 0.13798611111111114 0.27548611111111115
0 0.5999363425925927 0.26978009259259256 0.12839120370370374 0.19253472222222223
0 0.35788194444444443 0.2735648148148148 0.10449074074074076 0.18402777777777776
0 0.3479050925925926 0.17778935185185185 0.12868055555555546 0.2237384259259259
0 0.18144097222222222 0.20024884259259262 0.13273148148148145 0.23945601851851847
0 0.23373263888888887 0.21588541666666666 0.09465277777777778 0.17593750000000002
0 0.2654050925925926 0.19647569444444443 0.10062499999999996 0.1714351851851852
0 0.49372685185185183 0.38480902777777776 0.07734953703703695 0.12083333333333339
0 0.4968344907407408 0.31916087962962963 0.10273148148148152 0.15434027777777776
0 0.29455439814814816 0.2724710648148148 0.07357638888888882 0.10980324074074073
0 0.3129166666666666 0.3191898148148148 0.057939814814814736 0.08282407407407408
0 0.5591030092592593 0.32491898148148146 0.07174768518518526 0.13158564814814816
0 0.2583275462962963 0.30270254629629634 0.08038194444444446 0.11936342592592589