0 0.30010127314814816 0.6280439814814814 0.6002025462962963 0.4202314814814816
0 0.694386574074074 0.5017650462962963 0.30040509259259274 0.12608796296296293
0 0.5151909722222222 0.8511516203703703 0.45040509259259254 0.2599421296296299
0 0.6928819444444445 0.1648611111111111 0.2636574074074073 0.15531250000000002
0 0.42795138888888895 0.3583738425925926 0.503125 0.2782407407407407
0 0.581105324074074 0.4025752314814815 0.30787037037037024 0.1638310185185185
0 0.7657118055555555 0.5369791666666666 0.14571759259259273 0.07604166666666679
0 0.6299768518518518 0.6778761574074075 0.34230324074074064 0.18740740740740733
0 0.6535590277777777 0.580150462962963 0.2489583333333334 0.12497685185185184
0 0.44299768518518523 0.6385416666666666 0.3046296296296296 0.16210648148148152
0 0.05324074074074074 0.9355729166666666 0.10648148148148148 0.12334490740740733
0 0.6680555555555555 0.7101446759259259 0.20277777777777786 0.1319212962962963
0 0.735648148148148 0.7222048611111112 0.2153356481481481 0.11233796296296301
0 0.6583333333333334 0.8413946759259259 0.24768518518518512 0.14981481481481468