0 0.18380787037037036 0.698130787037037 0.3196527777777778 0.6037384259259259
0 0.3398321759259259 0.49159143518518517 0.2223263888888889 0.4090046296296297
0 0.07094907407407407 0.40486111111111106 0.1111574074074074 0.29652777777777783
0 0.45478009259259256 0.30505208333333333 0.12813657407407408 0.24087962962962967
0 0.2812615740740741 0.22958333333333333 0.09519675925925926 0.15879629629629627
0 0.4577199074074073 0.5131423611111111 0.23491898148148138 0.4109375
0 0.26409722222222226 0.38896412037037037 0.14303240740740736 0.2553587962962963
0 0.6069328703703704 0.6010706018518518 0.28732638888888895 0.6636111111111112
0 0.0959837962962963 0.5896006944444444 0.14363425925925927 0.3707986111111111
0 0.5223263888888889 0.2827025462962963 0.12795138888888893 0.23775462962962965
0 0.03721643518518518 0.40351273148148153 0.04091435185185186 0.24297453703703695