0 0.22400462962962964 0.5015046296296296 0.28762731481481485 0.17297453703703702
0 0.30967013888888884 0.9343460648148149 0.4024189814814815 0.13130787037037023
0 0.20833333333333334 0.6047164351851853 0.36124999999999996 0.18194444444444446
0 0.32255208333333335 0.798582175925926 0.3373495370370371 0.16545138888888894
0 0.42953125 0.9755208333333332 0.24082175925925925 0.04895833333333357
0 0.32370949074074074 0.5215856481481482 0.17749999999999994 0.09085648148148148
0 0.4455787037037037 0.815625 0.17598379629629618 0.09236111111111107
0 0.5002546296296296 0.8699363425925926 0.10672453703703706 0.07262731481481488
0 0.35619212962962965 0.5906828703703704 0.19409722222222223 0.12424768518518511
0 0.4303414351851852 0.9071469907407408 0.1586111111111112 0.08547453703703738
0 0.3054803240740741 0.9021122685185186 0.3354282407407407 0.19577546296296297
0 0.43888310185185186 0.5633101851851852 0.11467592592592588 0.07760416666666678