0 0.815306712962963 0.3642534722222222 0.34820601851851835 0.7256597222222222
0 0.6688368055555556 0.3636111111111111 0.3486921296296298 0.7272222222222222
0 0.18424189814814815 0.51015625 0.26504629629629634 0.5365277777777777
0 0.8811805555555555 0.6288888888888889 0.19405092592592582 0.4615972222222222
0 0.24840277777777775 0.6874305555555555 0.14414351851851848 0.3418750000000001
0 0.4601446759259259 0.5016840277777778 0.19834490740740734 0.5444097222222222
0 0.5131944444444445 0.6675 0.14274305555555564 0.3449652777777777
0 0.33467013888888886 0.7393576388888888 0.1458333333333334 0.28416666666666685
0 0.3466898148148148 0.4925 0.24074074074074076 0.48916666666666675
0 0.5369907407407407 0.8105555555555556 0.10444444444444442 0.2083333333333332
0 0.7795081018518519 0.7536631944444444 0.14537037037037043 0.24513888888888893
0 0.9496006944444446 0.5735243055555556 0.056238425925926094 0.3321180555555555