0 0.19859953703703703 0.4300983796296297 0.359224537037037 0.15837962962962954
0 0.2978645833333333 0.22228587962962965 0.3176273148148148 0.12496527777777774
0 0.22814814814814813 0.5312731481481482 0.29208333333333336 0.15894675925925927
0 0.2573900462962963 0.06862847222222222 0.39290509259259265 0.13545138888888889
0 0.4000520833333333 0.03403935185185185 0.18760416666666657 0.05900462962962962
0 0.3418229166666667 0.44081018518518517 0.20190972222222223 0.12012731481481484
0 0.31895254629629627 0.5123148148148149 0.17873842592592587 0.07605324074074069
0 0.38843171296296297 0.16896412037037037 0.159074074074074 0.09762731481481479
0 0.4276041666666667 0.14689814814814814 0.1678472222222222 0.0774537037037037
0 0.25097222222222226 0.1419386574074074 0.32913194444444444 0.1969791666666667
0 0.41375 0.46998842592592593 0.13834490740740737 0.08326388888888889
0 0.4105671296296296 0.20443287037037033 0.18484953703703705 0.07145833333333336