0 0.9125 0.521875 0.0859375 0.2296875
0 0.54765625 0.575 0.0703125 0.22734375
0 0.47734375 0.54140625 0.0703125 0.18125
0 0.82890625 0.53203125 0.0828125 0.17734375
0 0.71796875 0.4859375 0.0546875 0.1640625
0 0.75078125 0.42421875 0.03984375 0.0859375
0 0.85078125 0.51328125 0.05546875 0.19140625
0 0.7515625 0.559375 0.06953125 0.19609375
0 0.809375 0.43984375 0.03671875 0.09140625
0 0.78203125 0.46875 0.05078125 0.10703125
0 0.49375 0.4640625 0.05859375 0.12734375
0 0.55546875 0.465625 0.065625 0.11328125
0 0.55859375 0.40234375 0.05546875 0.096875