0 0.11021990740740742 0.6113252314814815 0.1681712962962963 0.0908449074074074
0 0.32719907407407406 0.9193576388888889 0.41736111111111107 0.16128472222222215
0 0.2609201388888889 0.6657465277777778 0.33390046296296294 0.15195601851851848
0 0.1328587962962963 0.5323784722222222 0.2371990740740741 0.10225694444444447
0 0.31068865740740736 0.9683449074074074 0.4097569444444444 0.06331018518518512
0 0.12930555555555556 0.465144675925926 0.23472222222222222 0.12403935185185197
0 0.1500173611111111 0.9270717592592593 0.17282407407407407 0.14250000000000007
0 0.13744212962962965 0.37093750000000003 0.2566435185185185 0.12625000000000003
0 0.19201967592592592 0.8166956018518519 0.2880787037037037 0.1334259259259259
0 0.28224537037037034 0.5688078703703704 0.4214930555555556 0.157673611111111
0 0.05164930555555556 0.504994212962963 0.07542824074074073 0.06936342592592588
0 0.056614583333333336 0.40913194444444445 0.0917476851851852 0.09326388888888885
0 0.09765046296296295 0.7139872685185186 0.12244212962962964 0.0754398148148148
0 0.09435185185185184 0.7607233796296297 0.10212962962962964 0.07483796296296301
0 0.09343749999999999 0.8879282407407407 0.06628472222222222 0.07689814814814824
0 0.11482638888888888 0.9756712962962963 0.0827314814814815 0.048657407407407406
0 0.045619212962962966 0.4595428240740741 0.06614583333333332 0.07221064814814823