0 0.4359375 0.51328125 0.10390625 0.2453125
0 0.959375 0.4421875 0.08046875 0.234375
0 0.53046875 0.57578125 0.09140625 0.334375
0 0.740625 0.4921875 0.0828125 0.30078125
0 0.90859375 0.5046875 0.1296875 0.27578125
0 0.78359375 0.375 0.065625 0.1609375
0 0.828125 0.4046875 0.08125 0.14375
0 0.5390625 0.43203125 0.0828125 0.209375
0 0.4671875 0.43984375 0.053125 0.16875
0 0.80703125 0.47421875 0.08125 0.1875
0 0.91953125 0.421875 0.0359375 0.13359375
0 0.83125 0.33828125 0.0421875 0.09453125
0 0.52890625 0.33046875 0.06328125 0.11640625