0 0.8841782407407408 0.5935590277777778 0.23164351851851847 0.6588773148148148
0 0.7052835648148148 0.42822916666666666 0.23200231481481487 0.4125
0 0.9319791666666667 0.2538425925925926 0.13604166666666656 0.2993402777777778
0 0.5276793981481481 0.292650462962963 0.13427083333333326 0.24267361111111113
0 0.661082175925926 0.16428819444444445 0.09880787037037031 0.1604976851851852
0 0.6035127314814815 0.4875810185185186 0.2446643518518517 0.4159953703703703
0 0.7373668981481482 0.3075636574074074 0.14906250000000015 0.2571527777777778
0 0.49765625 0.6190393518518519 0.3045023148148148 0.6673842592592593
0 0.9471354166666668 0.4377777777777778 0.10572916666666643 0.3723148148148148
0 0.45576388888888886 0.2939988425925926 0.13410879629629627 0.23954861111111114
0 0.9651967592592593 0.24200231481481485 0.06960648148148145 0.2441319444444444