0 0.43576388888888884 0.7954861111111111 0.14936342592592594 0.28121527777777794
0 0.9028356481481481 0.7878819444444444 0.1518518518518519 0.3905555555555555
0 0.5375578703703704 0.8298003472222222 0.1440393518518519 0.34039930555555564
0 0.744212962962963 0.7429166666666667 0.13530092592592596 0.32305555555555543
0 0.5329282407407407 0.6842708333333334 0.10734953703703702 0.20065972222222223
0 0.46354166666666663 0.6999305555555555 0.07876157407407405 0.18753472222222206
0 0.779079861111111 0.6248437499999999 0.08425925925925917 0.16736111111111107
0 0.834664351851852 0.5807291666666667 0.06284722222222214 0.09506944444444443
0 0.9505787037037037 0.6388194444444444 0.059375 0.1699305555555556
0 0.9266493055555556 0.6726909722222223 0.08107638888888893 0.16572916666666657
0 0.8421875 0.6520486111111111 0.07459490740740726 0.15934027777777793
0 0.8089988425925926 0.7248090277777777 0.09913194444444465 0.18954861111111115
0 0.5142939814814815 0.6173958333333334 0.0802083333333334 0.14229166666666657