0 0.4390625 0.68125 0.2125 0.63046875
0 0.64765625 0.3765625 0.1390625 0.36640625
0 0.29765625 0.44765625 0.1328125 0.33984375
0 0.40625 0.36015625 0.10546875 0.2765625
0 0.25390625 0.23359375 0.090625 0.19765625
0 0.571875 0.61171875 0.1765625 0.4953125
0 0.85625 0.50625 0.2375 0.46953125
0 0.75234375 0.3546875 0.08046875 0.27421875
0 0.97265625 0.66484375 0.0421875 0.49453125
0 0.79453125 0.24296875 0.04921875 0.1296875
0 0.6921875 0.3203125 0.09140625 0.22265625
0 0.60546875 0.171875 0.0328125 0.065625
0 0.8765625 0.425 0.14765625 0.3953125
0 0.57265625 0.27578125 0.0625 0.28359375