0 0.4189236111111111 0.9214236111111112 0.4956018518518519 0.14891203703703687
0 0.5010127314814815 0.43486689814814816 0.4414351851851851 0.16135416666666663
0 0.6532986111111111 0.3443229166666667 0.2731481481481481 0.12671296296296292
0 0.647974537037037 0.24280671296296297 0.2890046296296296 0.1334259259259259
0 0.4372395833333333 0.5712789351851851 0.5090277777777776 0.17428240740740755
0 0.6931712962962963 0.4495081018518519 0.21001157407407406 0.107673611111111
0 0.6838252314814814 0.9151388888888888 0.19525462962962958 0.13064814814814837
0 0.6119502314814815 0.8116840277777777 0.4015625 0.13832175925925938
0 0.6904513888888889 0.5450057870370371 0.2149305555555557 0.1140625
0 0.7772858796296296 0.37662615740740735 0.16857638888888893 0.08459490740740741
0 0.782957175925926 0.4452835648148149 0.16550925925925916 0.08606481481481473
0 0.7704861111111111 0.699837962962963 0.2471643518518519 0.09940972222222229