0 0.4858796296296296 0.34164930555555556 0.23917824074074084 0.5444907407407408
0 0.6360300925925926 0.29795717592592597 0.27481481481481485 0.5959143518518519
0 0.8607928240740741 0.6118865740740741 0.12376157407407398 0.2288194444444443
0 0.8346354166666666 0.4418634259259259 0.20641203703703717 0.33354166666666674
0 0.6187789351851852 0.5677372685185185 0.16114583333333332 0.3324189814814815
0 0.29844907407407406 0.6662673611111112 0.12275462962962962 0.24747685185185198
0 0.09721643518518519 0.5104340277777778 0.19443287037037038 0.5635069444444444
0 0.3512210648148148 0.5960706018518518 0.1931481481481482 0.41230324074074076
0 0.720931712962963 0.4891550925925926 0.15710648148148146 0.3540162037037037
0 0.7752662037037037 0.6294328703703703 0.12450231481481477 0.25381944444444426
0 0.5218518518518518 0.7068402777777777 0.12023148148148159 0.26760416666666664
0 0.9221701388888889 0.38286458333333334 0.14371527777777757 0.4811226851851852
0 0.20402777777777778 0.483912037037037 0.18709490740740745 0.4712152777777778