0 0.5544791666666666 0.7576215277777778 0.15218749999999998 0.3666319444444445
0 0.46364583333333337 0.6803645833333334 0.1458333333333332 0.27131944444444456
0 0.7916666666666666 0.7050694444444445 0.14458333333333329 0.29930555555555555
0 0.80109375 0.5660590277777777 0.07614583333333336 0.1139930555555555
0 0.9826822916666668 0.6225694444444445 0.03463541666666643 0.1155555555555555
0 0.9267708333333333 0.7908159722222223 0.14645833333333336 0.41836805555555545
0 0.8772916666666667 0.64578125 0.07645833333333343 0.16541666666666668
0 0.8485416666666667 0.7519965277777778 0.17697916666666663 0.31788194444444445
0 0.5702604166666666 0.5970833333333333 0.11229166666666668 0.18881944444444443
0 0.8669270833333332 0.5604166666666667 0.06270833333333314 0.09937500000000003
0 0.49729166666666663 0.6008506944444445 0.07614583333333336 0.18409722222222236
0 0.9638020833333334 0.6231423611111111 0.04802083333333336 0.08937500000000007
0 0.5576041666666667 0.5123958333333334 0.07364583333333333 0.12322916666666668