0 0.1259375 0.2732407407407408 0.2504861111111111 0.5158333333333334
0 0.8135763888888888 0.2653935185185185 0.2603472222222223 0.530787037037037
0 0.6531597222222223 0.2748032407407407 0.23986111111111122 0.4595138888888889
0 0.03402777777777778 0.2981828703703704 0.06805555555555556 0.5348842592592592
0 0.7472395833333334 0.47016782407407404 0.08145833333333333 0.1505787037037038
0 0.09956597222222222 0.47574652777777776 0.10017361111111112 0.21945601851851854
0 0.23262152777777775 0.39352430555555556 0.13149305555555557 0.4337152777777778
0 0.5519097222222221 0.3669444444444444 0.14295138888888878 0.45723379629629635
0 0.8532465277777778 0.480318287037037 0.09263888888888872 0.16159722222222223
0 0.6816666666666666 0.5034606481481482 0.06736111111111107 0.21921296296296297
0 0.2909027777777778 0.5126041666666666 0.10791666666666666 0.28668981481481487
0 0.5997222222222222 0.5353125000000001 0.06652777777777778 0.18171296296296297
0 0.6378472222222222 0.5069097222222222 0.07902777777777778 0.18180555555555564