0 0.434375 0.775 0.11015625 0.2578125
0 0.53359375 0.83125 0.10234375 0.3375
0 0.74609375 0.7609375 0.08671875 0.32578125
0 0.9265625 0.8125 0.14375 0.3703125
0 0.47265625 0.690625 0.05234375 0.16875
0 0.86796875 0.67109375 0.04921875 0.14296875
0 0.8359375 0.6 0.05 0.09140625
0 0.84296875 0.803125 0.1390625 0.3140625
0 0.78515625 0.64140625 0.05625 0.15390625
0 0.54375 0.67578125 0.07890625 0.18515625
0 0.96953125 0.6859375 0.0609375 0.19375
0 0.92578125 0.69765625 0.03984375 0.15234375
0 0.5328125 0.58828125 0.06171875 0.10390625