0 0.10200810185185186 0.2228877314814815 0.2040162037037037 0.445775462962963
0 0.7374710648148148 0.3275173611111111 0.308912037037037 0.6040509259259259
0 0.42776041666666664 0.4298900462962963 0.20283564814814808 0.6936921296296296
0 0.8123784722222223 0.6593460648148148 0.15075231481481488 0.4110532407407407
0 0.5506365740740741 0.3634837962962963 0.24189814814814808 0.695138888888889
0 0.6899247685185186 0.6587094907407407 0.16552083333333342 0.45526620370370363
0 0.32075810185185183 0.23098958333333336 0.3258912037037037 0.4502893518518518
0 0.41302662037037036 0.7622974537037037 0.10165509259259267 0.30630787037037044
0 0.09432291666666667 0.5859664351851852 0.15056712962962965 0.4375578703703704
0 0.051359953703703706 0.6296006944444444 0.0528125 0.2967013888888889
0 0.9403761574074074 0.3746527777777778 0.11924768518518505 0.673148148148148