0 0.434375 0.0828125 0.0703125 0.16015625
0 0.1 0.25703125 0.13203125 0.4015625
0 0.36953125 0.2265625 0.10859375 0.3203125
0 0.5109375 0.115625 0.071875 0.23125
0 0.034375 0.2328125 0.06796875 0.40390625
0 0.578125 0.1171875 0.09375 0.234375
0 0.11796875 0.08046875 0.12109375 0.15546875
0 0.67109375 0.1328125 0.0921875 0.26484375
0 0.225 0.1375 0.096875 0.275
0 0.4640625 0.2609375 0.103125 0.40859375
0 0.54453125 0.03671875 0.059375 0.0734375
0 0.6390625 0.0484375 0.08125 0.096875
0 0.33359375 0.05703125 0.0609375 0.1140625
0 0.2875 0.046875 0.06171875 0.09296875
0 0.16171875 0.02890625 0.06953125 0.0578125
0 0.05625 0.03671875 0.07109375 0.0734375
0 0.58984375 0.034375 0.0640625 0.06875