0 0.8265625 0.50546875 0.16875 0.43671875
0 0.31953125 0.5984375 0.14609375 0.49765625
0 0.6984375 0.5109375 0.16015625 0.36875
0 0.6734375 0.2390625 0.06640625 0.175
0 0.91171875 0.3796875 0.14921875 0.3140625
0 0.25546875 0.36953125 0.103125 0.240625
0 0.82890625 0.3234375 0.0828125 0.1859375
0 0.61796875 0.334375 0.10234375 0.22109375
0 0.37265625 0.42890625 0.09140625 0.41484375
0 0.17421875 0.52890625 0.16640625 0.4015625
0 0.7578125 0.23359375 0.05625 0.1671875
0 0.728125 0.31328125 0.0953125 0.20390625
0 0.38671875 0.21328125 0.078125 0.171875