0 0.22835069444444445 0.49751736111111117 0.2802083333333333 0.17020833333333343
0 0.1938888888888889 0.38885416666666667 0.35548611111111106 0.184375
0 0.3052604166666667 0.19487847222222224 0.3394444444444444 0.16527777777777777
0 0.2920138888888889 0.06145833333333334 0.39652777777777776 0.12291666666666667
0 0.3185590277777778 0.4767534722222223 0.17854166666666665 0.09298611111111121
0 0.4186979166666666 0.09387152777777777 0.15336805555555558 0.08461805555555554
0 0.4814583333333333 0.139375 0.10152777777777774 0.07097222222222221
0 0.28347222222222224 0.09875 0.34194444444444444 0.1975
0 0.4307986111111111 0.18114583333333334 0.16447916666666665 0.09267361111111114
0 0.3475694444444445 0.4104513888888889 0.1994791666666666 0.12156249999999993
0 0.42401041666666667 0.02220486111111111 0.20427083333333335 0.04440972222222222
0 0.40402777777777776 0.035069444444444445 0.1594444444444445 0.07013888888888889
0 0.4310590277777777 0.439079861111111 0.11593750000000007 0.08690972222222229