0 0.35278935185185184 0.66484375 0.11894675925925924 0.240625
0 0.42363425925925924 0.3921875 0.22284722222222228 0.54375
0 0.27107060185185183 0.58046875 0.15325231481481483 0.2921875
0 0.5321990740740741 0.45859375 0.20725694444444437 0.4125
0 0.5869444444444445 0.6421875 0.15493055555555557 0.346875
0 0.2071527777777778 0.77578125 0.09787037037037036 0.175
0 0.7749016203703704 0.5421875 0.21353009259259254 0.465625
0 0.7213483796296296 0.78671875 0.052337962962963044 0.0921875
0 0.5135127314814815 0.734375 0.08008101851851848 0.2703125
0 0.6186689814814814 0.71328125 0.0887731481481481 0.1796875
0 0.68265625 0.675 0.08678240740740754 0.2515625
0 0.756550925925926 0.68046875 0.06800925925925938 0.1984375
0 0.5444907407407408 0.83125 0.04938657407407412 0.06875