0 0.53671875 0.72109375 0.128125 0.4953125
0 0.40390625 0.640625 0.15625 0.40078125
0 0.7953125 0.57734375 0.10859375 0.403125
0 0.88671875 0.378125 0.04453125 0.1390625
0 0.9125 0.6390625 0.14921875 0.40234375
0 0.54453125 0.471875 0.09765625 0.23046875
0 0.45546875 0.51015625 0.07265625 0.2546875
0 0.89765625 0.4609375 0.07890625 0.17421875
0 0.97421875 0.64296875 0.0390625 0.44375
0 0.98203125 0.4703125 0.034375 0.14140625
0 0.8265625 0.37890625 0.07265625 0.1234375
0 0.85625 0.484375 0.0515625 0.16171875
0 0.5296875 0.36171875 0.06953125 0.1375