0 0.8947627314814814 0.4391145833333333 0.10711805555555572 0.24093750000000008
0 0.5303530092592592 0.5358854166666667 0.09137731481481488 0.2367708333333333
0 0.4596064814814815 0.5102083333333333 0.0865162037037038 0.18968750000000015
0 0.811400462962963 0.45947916666666666 0.09895833333333322 0.18895833333333326
0 0.6996238425925926 0.42640625 0.06869212962962976 0.17135416666666678
0 0.7308738425925926 0.3611979166666667 0.048553240740740834 0.09052083333333334
0 0.8324652777777779 0.43781250000000005 0.07285879629629619 0.19968749999999993
0 0.7344618055555555 0.49578125 0.08709490740740744 0.20531249999999995
0 0.7897858796296295 0.36973958333333334 0.04560185185185191 0.09499999999999993
0 0.7628761574074074 0.4019270833333334 0.06030092592592595 0.11312499999999996
0 0.475 0.43125 0.07048611111111107 0.13562499999999994
0 0.5367766203703704 0.4255729166666667 0.07615740740740726 0.12041666666666657
0 0.5383391203703705 0.36234374999999996 0.06464120370370381 0.10406250000000003