0 0.14453125 0.74453125 0.2125 0.50390625
0 0.83203125 0.721875 0.2203125 0.540625
0 0.6703125 0.71171875 0.20625 0.446875
0 0.03359375 0.72578125 0.06640625 0.53125
0 0.75859375 0.5109375 0.0703125 0.146875
0 0.11171875 0.54375 0.08359375 0.2140625
0 0.246875 0.61796875 0.10078125 0.42734375
0 0.5671875 0.62578125 0.10859375 0.4515625
0 0.8640625 0.49453125 0.08125 0.15703125
0 0.6921875 0.48125 0.0515625 0.215625
0 0.3015625 0.4953125 0.08671875 0.28203125
0 0.609375 0.4546875 0.05234375 0.178125
0 0.6484375 0.48046875 0.06484375 0.17890625