0 0.58828125 0.421875 0.5150347222222222 0.2296875
0 0.6029456018518519 0.915625 0.49468750000000006 0.16875
0 0.35717592592592595 0.5 0.2613310185185185 0.128125
0 0.473275462962963 0.73515625 0.40700231481481486 0.1953125
0 0.3859027777777778 0.88828125 0.16439814814814815 0.096875
0 0.39945601851851853 0.803125 0.25599537037037035 0.115625
0 0.2997685185185185 0.71875 0.20445601851851852 0.0859375
0 0.23686921296296296 0.43984375 0.21060185185185185 0.1140625
0 0.29125 0.78046875 0.14944444444444444 0.0796875
0 0.3994155092592592 0.38046875 0.3121412037037038 0.14375
0 0.5985474537037037 0.54453125 0.443425925925926 0.2046875
0 0.8865856481481481 0.915625 0.22682870370370373 0.09375
0 0.37245370370370373 0.9453125 0.15041666666666664 0.0984375
0 0.6345543981481482 0.87734375 0.5064699074074074 0.2453125