0 0.51328125 0.81640625 0.0734375 0.26171875
0 0.434375 0.765625 0.08359375 0.1765625
0 0.66953125 0.709375 0.06171875 0.17265625
0 0.703125 0.79921875 0.0765625 0.209375
0 0.859375 0.74140625 0.0765625 0.225
0 0.8046875 0.7375 0.05234375 0.165625
0 0.77890625 0.76328125 0.0609375 0.159375
0 0.509375 0.63125 0.04921875 0.1109375
0 0.52265625 0.6953125 0.06796875 0.14140625
0 0.73125 0.69609375 0.0484375 0.1
0 0.70234375 0.6546875 0.0390625 0.075
0 0.4609375 0.703125 0.040625 0.125
0 0.759375 0.65859375 0.05234375 0.11015625