0 0.43359375 0.7828125 0.109375 0.26484375
0 0.9234375 0.81171875 0.14921875 0.37578125
0 0.53125 0.82265625 0.10078125 0.34375
0 0.73984375 0.75625 0.08671875 0.32265625
0 0.96640625 0.70078125 0.0671875 0.2296875
0 0.4703125 0.6890625 0.05078125 0.16953125
0 0.77734375 0.6390625 0.05234375 0.165625
0 0.83984375 0.59765625 0.05078125 0.09765625
0 0.54296875 0.6734375 0.08125 0.17734375
0 0.86328125 0.67578125 0.04921875 0.1484375
0 0.8421875 0.7984375 0.1328125 0.31015625
0 0.53046875 0.5859375 0.053125 0.10390625