0 0.7434085648148148 0.4767361111111111 0.23716435185185175 0.07516203703703717
0 0.6744502314814815 0.20994212962962963 0.1651041666666666 0.0715046296296296
0 0.7061226851851852 0.546574074074074 0.16813657407407412 0.06996527777777786
0 0.6522569444444445 0.3234375 0.16795138888888878 0.06684027777777776
0 0.7079398148148147 0.28707175925925926 0.18725694444444443 0.07635416666666668
0 0.6259375 0.14308449074074076 0.1346759259259258 0.0587847222222222
0 0.6296643518518519 0.2587326388888889 0.0995601851851852 0.04603009259259263
0 0.5994849537037037 0.29021990740740744 0.06793981481481488 0.039548611111111145
0 0.6617534722222222 0.18033564814814812 0.1686805555555555 0.05278935185185185
0 0.6582291666666666 0.5297337962962964 0.11159722222222221 0.03831018518518512
0 0.5933506944444444 0.23946180555555557 0.10874999999999986 0.04297453703703704
0 0.6443287037037037 0.4798148148148148 0.12888888888888878 0.06655092592592596
0 0.5867013888888889 0.48336805555555556 0.0827430555555555 0.052152777777777715