0 0.6652777777777777 0.17421875 0.6694444444444445 0.2546875
0 0.5495486111111111 0.684375 0.4647106481481481 0.2234375
0 0.38167245370370373 0.88203125 0.1599537037037037 0.1015625
0 0.4169907407407408 0.56875 0.24053240740740733 0.11875
0 0.37276041666666665 0.6046875 0.15636574074074083 0.0625
0 0.4133217592592592 0.3171875 0.22665509259259267 0.0921875
0 0.5066608796296296 0.2640625 0.4299189814814815 0.125
0 0.6212615740740741 0.0484375 0.6675231481481483 0.096875
0 0.6431365740740741 0.86484375 0.7137268518518518 0.2703125
0 0.4148263888888889 0.7078125 0.22815972222222225 0.0609375
0 0.4224131944444444 0.10078125 0.2622453703703703 0.115625
0 0.49800347222222224 0.8203125 0.4102314814814815 0.1671875
0 0.5919039351851852 0.1 0.593148148148148 0.1390625