0 0.3939525462962963 0.3457928240740741 0.1294560185185185 0.2477662037037037
0 0.47734375 0.6150868055555556 0.24866898148148148 0.5563773148148148
0 0.3168402777777778 0.43582175925925926 0.1674189814814815 0.30271990740740745
0 0.5815972222222222 0.5408796296296297 0.22505787037037042 0.4249884259259259
0 0.6277777777777778 0.35377314814814814 0.17094907407407406 0.3558564814814815
0 0.24334490740740744 0.2439236111111111 0.10509259259259256 0.18041666666666661
0 0.8192997685185185 0.442667824074074 0.23483796296296297 0.47817129629629634
0 0.7541087962962962 0.2008449074074074 0.05665509259259256 0.09570601851851848
0 0.550318287037037 0.2657233796296296 0.09293981481481488 0.2740509259259259
0 0.6563368055555555 0.2813483796296296 0.0974537037037038 0.1850462962962963
0 0.7216435185185185 0.3154166666666667 0.09849537037037041 0.2553472222222222
0 0.794675925925926 0.3050231481481481 0.07771990740740727 0.2005208333333334
0 0.5763599537037037 0.16750578703703703 0.05266203703703702 0.0722453703703704