0 0.50625 0.72046875 0.2203125 0.5125694444444445
0 0.62109375 0.6149305555555555 0.2296875 0.423576388888889
0 0.225 0.6303645833333332 0.184375 0.41855324074074074
0 0.096875 0.4531886574074074 0.06875 0.1458217592592593
0 0.121875 0.7139409722222222 0.2234375 0.42665509259259266
0 0.45078125 0.47791087962962964 0.1390625 0.24634259259259253
0 0.5453125 0.49752314814814813 0.11875 0.2649421296296296
0 0.10234375 0.5367418981481482 0.109375 0.1867476851851851
0 0.06171875 0.730011574074074 0.1234375 0.4446643518518519
0 0.02578125 0.5615277777777777 0.0515625 0.14569444444444457
0 0.15625 0.44259259259259254 0.09375 0.13506944444444446
0 0.14765625 0.5512499999999999 0.08125 0.16935185185185198
0 0.44453125 0.3670196759259259 0.09375 0.14913194444444447