0 0.43515625 0.7796875 0.11015625 0.26953125
0 0.92421875 0.81328125 0.14765625 0.37265625
0 0.534375 0.8265625 0.09609375 0.33671875
0 0.74609375 0.753125 0.08984375 0.3125
0 0.53984375 0.67734375 0.08125 0.19140625
0 0.46953125 0.68671875 0.053125 0.18125
0 0.7890625 0.63828125 0.0625 0.15859375
0 0.846875 0.5984375 0.04921875 0.0890625
0 0.9703125 0.66796875 0.05859375 0.1640625
0 0.9328125 0.69765625 0.059375 0.16015625
0 0.85 0.6703125 0.053125 0.15234375
0 0.81171875 0.73984375 0.0734375 0.18046875
0 0.52578125 0.60859375 0.0609375 0.13359375