0 0.5626562500000001 0.3388020833333333 0.3190625000000001 0.6477430555555556
0 0.40895833333333337 0.6518518518518519 0.20177083333333332 0.3846643518518519
0 0.7424479166666667 0.5574363425925926 0.19072916666666676 0.35931712962962975
0 0.6497395833333334 0.651417824074074 0.15343750000000006 0.2909143518518519
0 0.8219270833333333 0.7676793981481482 0.12458333333333335 0.20879629629629637
0 0.44359374999999995 0.41154513888888894 0.2621874999999999 0.5193865740740741
0 0.18072916666666666 0.5366319444444445 0.31864583333333335 0.5012152777777779
0 0.3088020833333333 0.6808738425925925 0.128125 0.28530092592592593
0 0.05536458333333333 0.386255787037037 0.09239583333333334 0.49751157407407404
0 0.28604166666666664 0.7953703703703704 0.07302083333333335 0.13674768518518512
0 0.37390625 0.7105613425925925 0.12937499999999993 0.23391203703703703
0 0.48552083333333335 0.8534143518518519 0.043645833333333425 0.07019675925925953
0 0.17453125 0.6190104166666667 0.2146875 0.41475694444444444
0 0.5002604166666667 0.747193287037037 0.11145833333333321 0.2924768518518519