0 0.17982638888888888 0.5099537037037037 0.2678703703703703 0.09416666666666665
0 0.23551504629629633 0.5861516203703704 0.18196759259259263 0.09821759259259259
0 0.2771296296296296 0.34738425925925925 0.17711805555555554 0.07630787037037035
0 0.18514467592592593 0.3193576388888889 0.2147337962962963 0.09221064814814817
0 0.23320023148148147 0.1603298611111111 0.2303703703703704 0.09388888888888891
0 0.2406134259259259 0.2142939814814815 0.16922453703703705 0.06531250000000002
0 0.21619212962962964 0.24145833333333333 0.16303240740740738 0.07307870370370369
0 0.36504629629629626 0.5027314814814815 0.11449074074074073 0.05865740740740755
0 0.3002662037037037 0.49365740740740743 0.14589120370370373 0.07920138888888886
0 0.2861863425925926 0.2849479166666667 0.10353009259259256 0.055451388888888876
0 0.32896412037037037 0.3110474537037037 0.07844907407407406 0.04432870370370372
0 0.2959027777777778 0.5553472222222222 0.12849537037037032 0.05094907407407412
0 0.32156828703703705 0.25473958333333335 0.11295138888888889 0.06177083333333329