0 0.48379050925925926 0.5712673611111111 0.28726851851851853 0.5194097222222223
0 0.9069328703703704 0.3504861111111111 0.18613425925925925 0.4961111111111111
0 0.45454282407407404 0.3243402777777778 0.15711805555555552 0.26420138888888883
0 0.7119791666666666 0.3207291666666667 0.2395717592592593 0.41128472222222223
0 0.8106944444444444 0.17069444444444443 0.11631944444444464 0.16885416666666667
0 0.7413310185185185 0.2223263888888889 0.14437499999999998 0.25895833333333335
0 0.6243113425925926 0.17036458333333332 0.10888888888888885 0.20593750000000002
0 0.3508275462962963 0.24203124999999998 0.1373379629629629 0.21343750000000003
0 0.6756944444444445 0.13440972222222222 0.09667824074074076 0.15083333333333332
0 0.36701388888888886 0.41828125 0.17846064814814816 0.3150347222222223
0 0.5956250000000001 0.5232291666666666 0.2554976851851851 0.4478472222222223
0 0.8556655092592592 0.1318923611111111 0.11394675925925916 0.1531597222222222
0 0.8782581018518518 0.3978993055555555 0.24348379629629627 0.5128125