0 0.44380208333333326 0.11435185185185186 0.23559027777777786 0.12844907407407408
0 0.5722916666666666 0.5192476851851853 0.18836805555555552 0.11212962962962969
0 0.5925 0.4445717592592593 0.24333333333333335 0.1254398148148148
0 0.4799652777777778 0.1953298611111111 0.18538194444444436 0.11833333333333332
0 0.4249305555555556 0.17889467592592592 0.14711805555555557 0.0834027777777778
0 0.46208333333333335 0.30440393518518516 0.18177083333333321 0.09641203703703702
0 0.5203993055555556 0.2576273148148148 0.20246527777777779 0.11390046296296301
0 0.37751736111111117 0.22427083333333334 0.07763888888888885 0.049571759259259274
0 0.42406249999999995 0.24526620370370372 0.1124305555555555 0.0688310185185185
0 0.3905902777777778 0.2853819444444444 0.09361111111111117 0.06542824074074076
0 0.49887152777777777 0.5189409722222222 0.13631944444444438 0.08949074074074073
0 0.4812673611111111 0.4647916666666667 0.11267361111111107 0.0797685185185184
0 0.4213368055555556 0.4740567129629629 0.10791666666666658 0.07657407407407409