0 0.7476041666666666 0.5298553240740741 0.2734027777777778 0.13518518518518513
0 0.801417824074074 0.4252430555555556 0.3531828703703702 0.13792824074074073
0 0.72453125 0.22109375 0.3381018518518518 0.12053240740740741
0 0.7694560185185185 0.06287037037037038 0.3892129629629629 0.12574074074074076
0 0.6619097222222223 0.5006828703703704 0.17741898148148144 0.06975694444444436
0 0.631244212962963 0.10929398148148148 0.15057870370370363 0.06467592592592593
0 0.5610532407407407 0.14780092592592592 0.098738425925926 0.05922453703703705
0 0.7640509259259259 0.12059606481481482 0.3348148148148148 0.17043981481481482
0 0.6035416666666666 0.19478587962962962 0.1618865740740741 0.07108796296296296
0 0.6449363425925926 0.43146412037037035 0.19618055555555572 0.096574074074074
0 0.6429108796296296 0.023304398148148147 0.20167824074074084 0.046608796296296294
0 0.6566840277777778 0.04881365740740741 0.15939814814814818 0.05543981481481482
0 0.5579340277777778 0.45070601851851855 0.11207175925925927 0.07347222222222224