0 0.1372685185185185 0.4869965277777778 0.22517361111111117 0.446736111111111
0 0.6299768518518518 0.6028125 0.2107060185185185 0.5044097222222221
0 0.2644675925925926 0.4985474537037037 0.2075810185185185 0.3778935185185185
0 0.32355324074074077 0.22794560185185184 0.08975694444444446 0.17869212962962963
0 0.08174189814814815 0.3578877314814815 0.1634837962962963 0.32310185185185186
0 0.7224247685185186 0.37725115740740744 0.13379629629629636 0.24616898148148145
0 0.15778356481481481 0.3049131944444444 0.10630787037037037 0.1913078703703704
0 0.3663194444444445 0.3252314814814815 0.13084490740740745 0.22740740740740736
0 0.5989583333333334 0.43126157407407406 0.14363425925925916 0.4211458333333333
0 0.782986111111111 0.5399942129629629 0.21626157407407404 0.41075231481481467
0 0.23993055555555554 0.21841435185185185 0.07824074074074075 0.17079861111111114
0 0.25969328703703703 0.2994733796296296 0.12164351851851851 0.20859953703703704
0 0.6118634259259259 0.21487847222222226 0.10046296296296298 0.17564814814814814