0 0.78703125 0.23563078703703705 0.3353125 0.46163194444444444
0 0.14338541666666665 0.3456076388888889 0.2867708333333333 0.5755902777777778
0 0.2705208333333333 0.32716435185185183 0.31937499999999996 0.4802546296296296
0 0.8988541666666666 0.23489583333333336 0.19604166666666673 0.45747685185185183
0 0.20786458333333332 0.5400868055555555 0.10739583333333336 0.15853009259259263
0 0.8471354166666666 0.38927662037037036 0.13854166666666679 0.22747685185185187
0 0.7033854166666667 0.34131365740740743 0.20895833333333336 0.4403935185185185
0 0.38421875 0.3921006944444444 0.2246875 0.4654976851851852
0 0.10541666666666667 0.5760648148148148 0.12072916666666664 0.1711226851851851
0 0.2778645833333333 0.5570196759259259 0.10697916666666671 0.2225578703703704
0 0.6642187500000001 0.471556712962963 0.15854166666666672 0.2932175925925925
0 0.3638541666666667 0.568599537037037 0.09822916666666667 0.18501157407407404
0 0.3213020833333333 0.550306712962963 0.1109375 0.18822916666666673