0 0.07978009259259258 0.4625 0.15956018518518517 0.10625
0 0.18376157407407406 0.82890625 0.3675231481481481 0.2265625
0 0.19482638888888887 0.56015625 0.34023148148148147 0.184375
0 0.12381944444444445 0.39609375 0.24403935185185185 0.125
0 0.15966435185185185 0.88671875 0.3193287037037037 0.1640625
0 0.1427488425925926 0.33125 0.25219907407407405 0.1484375
0 0.040196759259259265 0.76875 0.08039351851851853 0.15625
0 0.18152199074074074 0.2453125 0.28195601851851854 0.153125
0 0.10884837962962964 0.67890625 0.21769675925925927 0.1609375
0 0.25230324074074073 0.47734375 0.42481481481481476 0.1984375
0 0.05583333333333333 0.34453125 0.0870486111111111 0.075
0 0.09152777777777779 0.25546875 0.11556712962962963 0.1015625
0 0.04230902777777778 0.5546875 0.08461805555555556 0.0875
0 0.026359953703703705 0.59609375 0.05271990740740741 0.0828125
0 0.06586805555555555 0.3 0.08396990740740742 0.078125