0 0.5567071759259259 0.4614756944444444 0.4588425925925925 0.14245370370370375
0 0.24351851851851852 0.8731481481481481 0.1850578703703704 0.09355324074074076
0 0.5389641203703703 0.8529918981481481 0.42010416666666667 0.18591435185185184
0 0.24444444444444446 0.9590740740740742 0.18960648148148146 0.07483796296296319
0 0.3365567129629629 0.4412326388888889 0.2272337962962963 0.09230324074074084
0 0.3385127314814815 0.9154108796296295 0.20862268518518512 0.1109143518518522
0 0.5615335648148148 0.3372280092592593 0.5276967592592593 0.15702546296296296
0 0.4174884259259259 0.7999884259259259 0.4180787037037037 0.12340277777777793
0 0.2527546296296296 0.5754398148148148 0.2537268518518518 0.08312500000000007
0 0.4171990740740741 0.5226620370370371 0.41156249999999994 0.08741898148148142
0 0.5062673611111111 0.9430729166666666 0.3960532407407408 0.10292824074074076