0 0.8250405092592592 0.7590277777777777 0.3006597222222222 0.48194444444444445
0 0.07404513888888889 0.6284375 0.14809027777777778 0.45999999999999996
0 0.6233275462962963 0.7719039351851851 0.2409837962962964 0.45619212962962974
0 0.14780960648148148 0.6687789351851852 0.29561921296296295 0.6526967592592593
0 0.2969965277777778 0.6500057870370369 0.1780555555555555 0.5199189814814815
0 0.11089699074074073 0.5363194444444445 0.12781249999999997 0.30197916666666663
0 0.7327777777777778 0.6335127314814815 0.1286458333333332 0.2880092592592593
0 0.024398148148148148 0.4341145833333333 0.048796296296296296 0.1584837962962963
0 0.6139525462962963 0.5825868055555554 0.13292824074074083 0.28047453703703695
0 0.28792824074074075 0.46217592592592593 0.07364583333333333 0.15857638888888878
0 0.6079456018518519 0.4717361111111111 0.07159722222222217 0.1491087962962963