0 0.31554976851851857 0.4409375 0.2432407407407407 0.11270833333333333
0 0.38138310185185187 0.17536458333333335 0.17071759259259256 0.09697916666666666
0 0.3534953703703704 0.5121354166666666 0.17375 0.09562500000000007
0 0.40459490740740744 0.28911458333333334 0.17356481481481473 0.09249999999999999
0 0.3482349537037037 0.25130208333333337 0.19461805555555553 0.10635416666666667
0 0.42846064814814816 0.10947916666666666 0.14019675925925928 0.08093750000000002
0 0.42671875000000004 0.22567708333333333 0.10480324074074084 0.0614583333333333
0 0.456880787037037 0.25817708333333333 0.0729976851851852 0.05
0 0.39295138888888886 0.14557291666666666 0.17282407407407413 0.07999999999999999
0 0.4011921296296296 0.49640625000000005 0.11537037037037035 0.05593749999999993
0 0.46246527777777774 0.2068229166666667 0.11408564814814817 0.06052083333333336
0 0.41472800925925923 0.446875 0.13431712962962958 0.08677083333333328
0 0.4722685185185185 0.45166666666666666 0.08789351851851848 0.06500000000000003