0 0.48189814814814813 0.5516145833333332 0.3203703703703704 0.5632060185185186
0 0.24128472222222222 0.25515046296296295 0.20087962962962963 0.3366203703703704
0 0.627633101851852 0.36564236111111115 0.17259259259259246 0.38569444444444445
0 0.5874710648148148 0.7820196759259259 0.4779513888888888 0.43596064814814817
0 0.311400462962963 0.6487268518518519 0.38181712962962955 0.6788888888888888
0 0.739994212962963 0.4719155092592592 0.2586226851851853 0.38980324074074063
0 0.858130787037037 0.4387615740740741 0.18284722222222208 0.2955324074074074
0 0.6988773148148149 0.2913252314814815 0.10303240740740734 0.21206018518518518
0 0.9114814814814813 0.6297916666666666 0.17703703703703724 0.43717592592592586
0 0.9046527777777778 0.3683912037037037 0.08646990740740748 0.16945601851851855
0 0.9508101851851851 0.46302662037037035 0.09837962962962976 0.18633101851851847