0 0.23862847222222222 0.5494791666666667 0.2843055555555555 0.15760416666666668
0 0.23508680555555556 0.08421875 0.3920486111111111 0.16322916666666665
0 0.19810763888888888 0.44395833333333334 0.3511458333333334 0.15427083333333336
0 0.2843923611111111 0.24718749999999998 0.325798611111111 0.1447916666666667
0 0.3477777777777778 0.4640625 0.20288194444444443 0.11322916666666671
0 0.3336458333333333 0.5316666666666666 0.18913194444444442 0.08427083333333343
0 0.40178819444444447 0.2246354166666667 0.16909722222222215 0.08916666666666666
0 0.4447048611111112 0.17375 0.09638888888888886 0.065625
0 0.38243055555555555 0.05197916666666667 0.17111111111111113 0.064375
0 0.35062499999999996 0.07244791666666668 0.16739583333333333 0.0859375
0 0.3731597222222222 0.15885416666666666 0.16086805555555558 0.07927083333333336
0 0.3010763888888889 0.18442708333333332 0.19159722222222228 0.1046875
0 0.41512152777777783 0.4895833333333333 0.14395833333333333 0.084375