0 0.5640162037037036 0.2825347222222222 0.15309027777777792 0.3639236111111111
0 0.4684548611111111 0.3358159722222222 0.14666666666666667 0.27013888888888893
0 0.7946064814814815 0.39534722222222224 0.14499999999999993 0.29819444444444443
0 0.7933449074074075 0.5365624999999999 0.07614583333333336 0.1140625
0 0.9797164351851851 0.5316666666666666 0.04056712962962976 0.115486111111111
0 0.9305439814814814 0.3502951388888889 0.13891203703703708 0.41572916666666665
0 0.8745196759259258 0.47671875 0.07569444444444429 0.1655555555555555
0 0.8546238425925925 0.36390625 0.1787037037037038 0.3161111111111111
0 0.5678356481481481 0.4464930555555555 0.11276620370370374 0.18822916666666673
0 0.8584606481481482 0.5582986111111111 0.06291666666666665 0.09972222222222235
0 0.49564814814814817 0.42381944444444447 0.07666666666666674 0.1843055555555555
0 0.9587789351851852 0.5215104166666666 0.048287037037037094 0.08847222222222229
0 0.5493923611111111 0.5272395833333333 0.0749884259259261 0.12184027777777776