0 0.8425173611111111 0.16527777777777777 0.2774652777777778 0.33055555555555555
0 0.22659722222222226 0.3271267361111111 0.4140625 0.6542534722222222
0 0.5536400462962963 0.36044560185185187 0.32622685185185174 0.7208912037037037
0 0.2067361111111111 0.659056712962963 0.2234375 0.43657407407407406
0 0.41965277777777776 0.3435474537037037 0.3638194444444444 0.6870949074074074
0 0.32967592592592593 0.6320601851851851 0.2464351851851852 0.4833912037037038
0 0.6262384259259259 0.19968171296296294 0.40064814814814814 0.3993634259259259
0 0.624363425925926 0.6732349537037037 0.156111111111111 0.3242476851851853
0 0.8910937499999999 0.4380208333333333 0.18447916666666658 0.46168981481481486
0 0.9435590277777777 0.47146990740740746 0.06603009259259238 0.300462962962963
0 0.07502893518518519 0.4122395833333333 0.15005787037037038 0.6911458333333333