0 0.61796875 0.70078125 0.30703125 0.59296875
0 0.571875 0.2734375 0.071875 0.28515625
0 0.89765625 0.47421875 0.20078125 0.409375
0 0.23359375 0.25234375 0.109375 0.23984375
0 0.37734375 0.5265625 0.19140625 0.46328125
0 0.45078125 0.37890625 0.10859375 0.284375
0 0.62109375 0.20546875 0.05078125 0.134375
0 0.73671875 0.3484375 0.12890625 0.31484375
0 0.64296875 0.31875 0.08203125 0.23125
0 0.66171875 0.53046875 0.10859375 0.28046875
0 0.9140625 0.9484375 0.1671875 0.09609375
0 0.7765625 0.31328125 0.09765625 0.1828125
0 0.8015625 0.24765625 0.075 0.19921875
0 0.90625 0.33125 0.1078125 0.22578125