0 0.43359375 0.578125 0.15546875 0.484375
0 0.9328125 0.48828125 0.12265625 0.47265625
0 0.4734375 0.33359375 0.08984375 0.24453125
0 0.721875 0.39921875 0.13671875 0.3796875
0 0.85859375 0.28125 0.075 0.15078125
0 0.77734375 0.3125 0.0796875 0.23984375
0 0.67890625 0.23125 0.05546875 0.19375
0 0.39609375 0.2265625 0.08359375 0.19296875
0 0.73828125 0.21015625 0.059375 0.1375
0 0.36328125 0.4 0.09921875 0.2921875
0 0.5546875 0.5625 0.1421875 0.415625
0 0.9734375 0.828125 0.04140625 0.3375
0 0.9125 0.25625 0.07734375 0.134375
0 0.89921875 0.528125 0.19765625 0.46875