0 0.165625 0.65703125 0.21796875 0.6796875
0 0.68359375 0.5234375 0.20078125 0.44296875
0 0.88984375 0.35625 0.09375 0.14921875
0 0.57421875 0.39140625 0.10625 0.2296875
0 0.6125 0.346875 0.0546875 0.15
0 0.32265625 0.3875 0.08203125 0.2171875
0 0.26484375 0.48046875 0.10390625 0.41953125
0 0.0375 0.59453125 0.07421875 0.65859375
0 0.86953125 0.63359375 0.25234375 0.71796875
0 0.7140625 0.3890625 0.05 0.2234375
0 0.10546875 0.39609375 0.103125 0.2515625
0 0.821875 0.47265625 0.146875 0.39296875
0 0.09609375 0.565625 0.10859375 0.58125