0 0.51484375 0.628125 0.153125 0.51640625
0 0.671875 0.67734375 0.16875 0.6359375
0 0.85390625 0.284375 0.0890625 0.2109375
0 0.846875 0.459375 0.15546875 0.303125
0 0.62109375 0.3765625 0.10859375 0.3109375
0 0.29453125 0.3421875 0.084375 0.23203125
0 0.08359375 0.54140625 0.1671875 0.5328125
0 0.3546875 0.4015625 0.12734375 0.38671875
0 0.7296875 0.434375 0.1015625 0.33359375
0 0.76796875 0.284375 0.08515625 0.2375
0 0.51015625 0.25703125 0.078125 0.25390625
0 0.95078125 0.4984375 0.08671875 0.46484375
0 0.221875 0.5421875 0.1125 0.44921875