0 0.5694444444444444 0.25461805555555556 0.12528935185185192 0.2660763888888889
0 0.4688368055555555 0.19164930555555557 0.12048611111111107 0.34697916666666667
0 0.2489583333333333 0.2567534722222222 0.0903356481481481 0.33315972222222223
0 0.07751736111111111 0.19765625 0.15457175925925926 0.3828125
0 0.16791087962962964 0.21649305555555554 0.16469907407407405 0.31930555555555556
0 0.1798321759259259 0.41201388888888885 0.05335648148148149 0.09284722222222222
0 0.22714120370370372 0.38369791666666664 0.05659722222222223 0.1382291666666667
0 0.041087962962962965 0.3301909722222222 0.0650462962962963 0.19788194444444446
0 0.5349537037037038 0.3342013888888889 0.059375 0.17111111111111113
0 0.4682581018518519 0.3444965277777778 0.09461805555555572 0.19607638888888887
0 0.14267939814814815 0.3354861111111111 0.05601851851851851 0.16472222222222221
0 0.4874131944444445 0.41944444444444445 0.0625 0.12913194444444437
0 0.06741898148148148 0.3040625 0.07297453703703702 0.20135416666666667