0 0.5125 0.16583333333333333 0.425 0.20177083333333332
0 0.67421875 0.5409895833333334 0.64375 0.2647916666666667
0 0.53125 0.9122395833333334 0.45625 0.13510416666666672
0 0.6671875 0.6836458333333333 0.6078125 0.24364583333333342
0 0.29375 0.3429166666666667 0.2375 0.12052083333333333
0 0.3359375 0.2518229166666667 0.29375 0.11020833333333328
0 0.52734375 0.30859375 0.4109375 0.1961458333333333
0 0.403125 0.8106249999999999 0.4 0.12666666666666657
0 0.35703125 0.5097916666666666 0.24375 0.13031249999999997
0 0.48828125 0.3986979166666667 0.428125 0.14572916666666663
0 0.26171875 0.5520833333333333 0.2609375 0.09552083333333332
0 0.88359375 0.87234375 0.1984375 0.15072916666666672
0 0.41640625 0.7652083333333334 0.4578125 0.1977083333333333