0 0.20454282407407404 0.4519039351851852 0.35828703703703707 0.13489583333333338
0 0.2847280092592593 0.23685185185185187 0.3161226851851852 0.10460648148148141
0 0.24324074074074073 0.5508391203703704 0.2899421296296296 0.14168981481481496
0 0.22770254629629633 0.07050925925925926 0.3897800925925926 0.14004629629629628
0 0.3679456018518518 0.03511574074074074 0.18589120370370366 0.06208333333333334
0 0.34821180555555553 0.4524710648148148 0.2007407407407408 0.1075810185185185
0 0.3324884259259259 0.525619212962963 0.17815972222222226 0.06353009259259253
0 0.36910879629629634 0.17799189814814814 0.15758101851851852 0.08820601851851854
0 0.4060532407407408 0.15277777777777776 0.16582175925925924 0.06646990740740737
0 0.23075810185185186 0.15954861111111113 0.3246180555555555 0.1781134259259259
0 0.4220833333333333 0.4769849537037037 0.1366203703703704 0.07540509259259257
0 0.3942881944444444 0.21193287037037037 0.18416666666666667 0.05893518518518519