0 0.659375 0.13237847222222224 0.68125 0.21753472222222223
0 0.3552662037037037 0.336400462962963 0.33373842592592595 0.1337962962962962
0 0.3043402777777778 0.1183738425925926 0.2608796296296296 0.10190972222222223
0 0.24991319444444446 0.5210358796296296 0.20978009259259256 0.11059027777777786
0 0.27954282407407405 0.5847800925925926 0.2609953703703704 0.10503472222222214
0 0.5584490740740742 0.542332175925926 0.5767939814814815 0.30138888888888893
0 0.2052083333333333 0.3447627314814815 0.17592592592592596 0.08003472222222223
0 0.49473379629629627 0.42074652777777777 0.5134837962962964 0.19074074074074082
0 0.27228009259259256 0.05211226851851852 0.16018518518518512 0.07575231481481481
0 0.5593460648148147 0.6717303240740741 0.6277199074074075 0.2038773148148149
0 0.6396412037037037 0.2394675925925926 0.7207175925925926 0.29108796296296297